# Position (bp)	A	C	G	T	N
0.0	25.304052356692935	26.534384152872164	24.106610283555767	23.8790732641762	0.1758799427029366
1.0	25.044120798673003	25.53894174074516	24.326320228791737	25.087315493302132	0.003301738487974897
2.0	24.255779490528386	26.260128244955766	24.79456145657291	24.68808784377154	0.0014429641713961689
3.0	24.103781895019853	26.43218776912355	24.737996176081403	24.724029401320664	0.0020047584545288717
4.0	24.44434950287801	25.85888336843214	24.721247168641884	24.97159522026522	0.0039247397827507505
5.0	24.325143151551675	26.167975015119044	24.972667268058895	24.532053476952402	0.002161088317980162
6.0	24.359229263884995	25.83178623168527	24.92949876082714	24.879485743602594	0.0
7.0	24.508117884504664	25.92208200600865	24.488462608575144	25.077707663508896	0.003629837402640595
8.0	24.36390798263471	26.056056550243532	24.54447148149586	25.035563985625892	0.0
9.0	24.505764441483795	25.912987858714015	24.607134048124326	24.96680906989319	0.0073045817846672184
10.0	24.45711049903416	25.927575553273304	24.600957231659695	25.012765053944914	0.0015916620879238696
11.0	24.403312352358046	25.995072720069963	24.63764722356208	24.962062970406116	0.0019047336037953755
12.0	24.50524413708938	25.8832964430119	24.61538212838587	24.995952524293898	1.247672189516545E-4
13.0	24.49498352316059	25.867284065852264	24.635973654084605	24.997293604868155	0.004465152034386768
14.0	24.415014508001896	25.965297132682785	24.71062710868023	24.909061250635084	0.0
15.0	24.4312153809283	25.925497405100966	24.70331913973365	24.93820890883631	0.0017591654007739178
16.0	24.412133627084696	25.92210497281399	24.71546335955782	24.9502817861213	1.625442219164681E-5
17.0	24.35860945417684	26.050822270681596	24.779067284736726	24.807841330855886	0.0036596595489574698
18.0	24.418168742368675	25.990332257191834	24.74247776918646	24.84221692048495	0.00680431076808012
19.0	24.40355952767502	25.99551587962758	24.74590077508213	24.853747037082684	0.0012767805325860952
20.0	24.321138865973303	26.07048584953528	24.8195467480297	24.787352771688983	0.0014757647727315483
21.0	24.381613848940685	26.029890472322638	24.780206273583875	24.806949716038414	0.001339689114396427
22.0	24.37548076941291	26.00956015711083	24.78313155788692	24.821070295747234	0.01075721984210224
23.0	24.32265032657658	26.102767599999105	24.848022739549602	24.725968943884734	5.903899899815527E-4
24.0	24.4140946225838	26.035009788518522	24.816675082673715	24.732651365138675	0.0015691410852842033
25.0	24.4219537422328	25.998453520462384	24.834368483759384	24.744092435073576	0.0011318184718552724
26.0	24.351774107618425	26.071354691998682	24.928208781210852	24.647802273190553	8.601459814875053E-4
27.0	24.43637865667018	26.01494644912905	24.88996021625585	24.656607788936608	0.002106889008313524
28.0	24.422361799858464	25.98466363587783	24.894153525688107	24.68762487508435	0.011196163491247198
29.0	24.35964186968908	26.060414281803148	24.966459531497907	24.61258545527709	8.988617327724307E-4
30.0	24.437603062488172	26.033328434957113	24.91900048550386	24.600439819813882	0.009628197236965364
31.0	24.434766355989318	26.0138613388038	24.918721254936166	24.631216805369828	0.001434244900886214
32.0	24.36357960476202	26.093088159610957	24.992191463545435	24.545192466829143	0.005948305252445475
33.0	24.460233997286633	26.029608016392043	24.950382099018835	24.55762894459487	0.002146942707617066
34.0	24.42259178757516	26.01739695324867	24.947183608235008	24.607119758468162	0.005707892472996518
35.0	24.373739160463987	26.09573157637814	24.998154621668238	24.529519915566304	0.0028547259233286265
36.0	24.44844314882212	26.029427314083648	24.948661534039495	24.569121334463382	0.004346668591357242
37.0	24.43476517311078	26.017158201595496	24.966556154515214	24.578062837100696	0.0034576336778149148
38.0	24.39138423260001	26.075383795493188	25.029579010843356	24.498842904180293	0.004810056883154087
39.0	24.442502560315553	26.029061369405763	25.006986808247376	24.519747477193203	0.0017017848381029137
40.0	24.435552356153444	26.016194593827585	25.00714295602548	24.540019913105663	0.0010901808878312018
41.0	24.379110676742748	26.09427867612151	25.062226909112855	24.462952326870496	0.0014314111523854789
42.0	24.44367214916998	26.0562855732337	24.998728643784247	24.501301196043908	1.2437768167745218E-5
43.0	24.428927257292095	26.032884029156488	24.998914118121366	24.53190757907913	0.007367016350915146
44.0	24.380836858801793	26.102140053170235	25.06207273502182	24.453305838008774	0.0016445149973765092
45.0	24.46135511442923	26.037368798875608	25.043300356656196	24.45402040639831	0.003955323640652498
46.0	24.47048564729357	26.047414864461743	25.03063187731371	24.451466529315987	1.0816149896262307E-6
47.0	24.42999140611314	26.07704218602038	25.112608451689468	24.379382853095155	9.751030818622346E-4
48.0	24.45146233308786	26.0177526648811	25.080827285153852	24.44635518323978	0.0036025336374071477
49.0	24.474861366418715	26.022132036066413	25.052797475039075	24.44957740196405	6.317205117448878E-4
50.0	24.412752955617375	26.08691553303835	25.11598515985346	24.384345810618687	5.408721273145486E-7
51.0	24.476111272918306	26.035768753128135	25.059799563857805	24.427415501391174	9.049087045829472E-4
52.0	24.477557673784705	26.04377025253786	25.04488931503322	24.43110581891889	0.0026769397253187223
53.0	24.398766882825186	26.083594141790623	25.12826570288203	24.387941999156848	0.0014312733453137295
54.0	24.459847894432432	26.005360401749815	25.11296246588217	24.421829237935576	0.0
55.0	24.490231946407746	26.022053419515228	25.075076061131675	24.409892709102916	0.0027458638424357118
56.0	24.44927013199405	26.048677760361166	25.16267152911378	24.33756670358756	0.0018138749434442126
57.0	24.5332681833337	25.990111835723322	25.107059024460625	24.363282731180025	0.006278225302324545
58.0	24.507702653935137	25.978594813490663	25.117469941311338	24.396219065837617	1.3525425245861934E-5
59.0	24.45760810120595	26.05670602427013	25.16412383212529	24.320483745963507	0.0010782964351168176
60.0	24.530660772809096	26.005719688308332	25.103895157873186	24.35815799387871	0.0015663871306802048
61.0	24.535906518563284	25.97890218127966	25.112581218655528	24.371171305850584	0.001438775650944391
62.0	24.47849660719954	26.019386132499683	25.16648255785953	24.328588712108118	0.007045990333124206
63.0	24.55727976752266	25.972983801260863	25.10952708623817	24.35664148737614	0.0035678576021653695
64.0	24.55184168047826	25.924332013588348	25.13338177944896	24.384314438251423	0.006130088233005829
65.0	24.50681568895873	25.990566095432516	25.19276309806797	24.305788891342807	0.004066226197977188
66.0	24.57272296476076	25.938730579798904	25.154722647039	24.3276236334108	0.006200174990534653
67.0	24.555910951306952	25.91621707898506	25.163155220029225	24.36313234659683	0.0015844030819308582
68.0	24.530761616591807	25.968012686067087	25.21951695000145	24.27615560475033	0.005553142589327425
69.0	24.591802739097368	25.904482289756064	25.184737252138056	24.31724691456904	0.001730804439465204
70.0	24.593883778935556	25.885233090320884	25.187317851658236	24.324218146820577	0.009347132264736947
71.0	24.583160876406918	25.94059874395243	25.217538848705058	24.257458850169634	0.0012426807659620003
72.0	24.633400783258427	25.870139124784803	25.177882967679444	24.310260326702956	0.008316797574367376
73.0	24.631811249992992	25.84415565776872	25.187716378904323	24.333698185197527	0.0026185281364368516
74.0	24.594625543616264	25.887734823751323	25.2712284529766	24.24528133981543	0.0011298398403821201
75.0	24.68881062388453	25.808667532676346	25.20360028890775	24.298124732748494	7.968217828779597E-4
76.0	24.685573456262368	25.76115355045064	25.251196515318064	24.300476670972945	0.001599806995990124
77.0	24.650506039794852	25.806113655987435	25.319704603143776	24.223269876620698	4.058244532368862E-4
78.0	24.73257278251278	25.751533624227857	25.261333324850852	24.2470907725124	0.007469495896109716
79.0	24.735823075481004	25.71704429687149	25.2737254652014	24.27246791729895	9.392451471566264E-4
80.0	24.705091329482276	25.76672302724754	25.32553798335906	24.201643224649157	0.001004435261965579
81.0	24.769989499172336	25.696055954275494	25.26639196568873	24.265734968643084	0.0018276122203510687
82.0	24.768472579013938	25.67343007720323	25.261479506000946	24.291923437492695	0.004694400289197182
83.0	24.722573248322657	25.700993525375292	25.33775792101692	24.236141245930053	0.002534059355079182
84.0	24.83547561625756	25.650972795370652	25.237323950302198	24.276216787523843	1.0850545743931482E-5
85.0	24.840660456679863	25.609113451233075	25.228236038251485	24.320719664734927	0.0012703891006454286
86.0	24.792219210758137	25.630355914080955	25.289360764485675	24.28806411067524	0.0
87.0	24.871786127665143	25.563227503674256	25.214707239122287	24.345350071964674	0.004929057573640593
88.0	24.874704019312983	25.5098351822282	25.23534649824074	24.38001543333737	9.88668807047718E-5
89.0	24.806767608161316	25.55347951119014	25.365766034150454	24.272688054545785	0.001298791952304664
90.0	24.861246738569136	25.518153548645916	25.28414690518118	24.335200269413136	0.0012525381906314961
91.0	24.83016649288835	25.491043544204338	25.26409066162027	24.407851296628618	0.006848004658427239
92.0	24.879093146680724	25.455966464389334	25.40912527661493	24.255815112315013	0.0
93.0	24.896342894469957	25.398021596042824	25.31914437937862	24.38396553445179	0.002525595656807534
94.0	24.745528737849927	25.74201188817448	25.2342590847146	24.278200289260994	0.0
95.0	24.400075576359015	25.809468902157427	25.567608742356118	24.221326746744424	0.0015200323830141397
96.0	24.7819890313474	25.640528592575645	25.25121425711445	24.320473227292126	0.005794891670372612
97.0	24.573526706423607	25.621141817749088	25.722260392199743	24.080189488864416	0.0028815947631475507
98.0	24.527385016163066	25.54476084295718	25.67039897671765	24.25643528977978	0.0010198743823184122
99.0	24.6483509549956	25.09890979805679	25.33738129722841	24.91051018271052	0.004847767008677596
100.0	23.827016163735454	24.813438998122876	26.16478381877811	24.990509570951495	0.20425144841206586
