# Position (bp)	A	C	G	T	N
0.0	25.960256413360415	25.42636805039385	23.667178062233155	24.855278282851515	0.09091919116106163
1.0	25.633690385613257	24.9590057535541	23.61122578281926	25.794216549541193	0.001861528472190965
2.0	24.893669333745148	25.400524665285772	23.911194408324196	25.791553969718194	0.0030576229266893163
3.0	24.87689501875866	25.257785544027378	23.988199941886513	25.8733696136004	0.003749881727052241
4.0	25.149343427114584	24.87808789820486	24.101236637056537	25.864570197111036	0.0067618405129732054
5.0	25.095776428154657	25.296237731851768	24.203605825940713	25.390361131972522	0.014018882080340592
6.0	25.165865120593185	24.985457982819888	24.068010158848534	25.773667086591974	0.0069996511464186706
7.0	25.29339668600345	25.06053690868647	23.77717519411638	25.865684164231034	0.0032070469626604373
8.0	25.16677666663388	25.175427238206392	23.754756564670654	25.90247730246218	5.622280268951398E-4
9.0	25.36932947867599	24.99578477022811	23.76281366968864	25.871676517323095	3.9556408416563203E-4
10.0	25.27817347500381	24.996187409443248	23.790825176152218	25.933057713318618	0.001756226082100474
11.0	25.199484659770267	25.07939250708237	23.811467120783277	25.90742028005045	0.002235432313640525
12.0	25.28605357179203	24.982673922172882	23.769417538798756	25.95935317724213	0.002501789994202682
13.0	25.26197091914088	24.975272147682116	23.79272487548711	25.968833906513456	0.001198151176439925
14.0	25.18642797808089	25.06522200302023	23.853035461177175	25.89394026965853	0.0013742880631777952
15.0	25.220906450091757	25.010785915265938	23.839444381417294	25.92661662403103	0.002246629193980465
16.0	25.19241931852527	25.026166087864855	23.847833718664027	25.933317656242217	2.6321870362919073E-4
17.0	25.13038730226776	25.13728645942968	23.891072213462973	25.837877498685756	0.003376526153832469
18.0	25.20291229291267	25.067246407276443	23.865465161142367	25.86396900136029	4.071373082281225E-4
19.0	25.17805187498491	25.077085811303835	23.871823231434806	25.872016456201912	0.0010226260745415348
20.0	25.12300753677143	25.14491134789063	23.93831018026454	25.79365277995261	1.1815512078815396E-4
21.0	25.200824416557598	25.08099925116119	23.910883562987046	25.806751424504775	5.413447893920652E-4
22.0	25.205657204067343	25.06001615467589	23.922260101108286	25.810589711831806	0.0014768283166782185
23.0	25.135212879633272	25.148522129296502	23.988125683351623	25.72689881519431	0.0012404925242926294
24.0	25.225351577953198	25.069897810990366	23.943719603912673	25.76007193972245	9.590674213120354E-4
25.0	25.200383554908257	25.05973472697144	23.97160612855327	25.767360583905923	9.150056611142505E-4
26.0	25.15486820273758	25.138326518520277	24.02795240711629	25.677003570825867	0.001849300799986907
27.0	25.234139522013756	25.06500151223	23.999622240510476	25.69925428262108	0.00198244262469003
28.0	25.227140055659003	25.06155287791458	24.005320087046403	25.70322386402964	0.0027631153503794035
29.0	25.15278502353629	25.121274587319114	24.076743842983937	25.647783339124512	0.001413207036151651
30.0	25.233008558744167	25.05723423235639	24.058495723312625	25.646831716118466	0.004429769468353566
31.0	25.22290174268928	25.057699530903644	24.06670104003273	25.647103745365268	0.0055939410090838125
32.0	25.18483237128005	25.121753282927838	24.117275342067774	25.569765371844287	0.006373631880049687
33.0	25.25083934034248	25.05911914209955	24.077503135797148	25.606191559906087	0.00634682185473014
34.0	25.2184299867381	25.071639605929896	24.07569940643686	25.626104677165923	0.008126323729218607
35.0	25.177011462849798	25.132461790840754	24.120905122869697	25.563713956546763	0.00590766689298583
36.0	25.241509299497434	25.07519750049675	24.09057692265974	25.589238874205446	0.003477403140629856
37.0	25.219487580294597	25.06709366160893	24.0932196159812	25.61572830763568	0.0044708344795910005
38.0	25.173333634040233	25.1274758313539	24.152932013122637	25.540472061509593	0.005786459973629079
39.0	25.225963292436294	25.068725863252368	24.123288673112118	25.57457635473747	0.007445816461751883
40.0	25.234472542900587	25.045416504787376	24.13444980148923	25.577524719538253	0.00813643128455681
41.0	25.190929597748863	25.113963630874213	24.198086453195085	25.49268357205771	0.004336746124132495
42.0	25.243543983045758	25.068853487444887	24.146330223150503	25.535039919122237	0.006232387236616529
43.0	25.23507174733689	25.060633344824446	24.15306476584846	25.547629011804556	0.0036011301856570025
44.0	25.18574877509919	25.117804132959314	24.207776395430727	25.48462593785156	0.004044758659206969
45.0	25.257060380265745	25.057561539637685	24.180064361865128	25.502286028933412	0.003027689298030182
46.0	25.228973877972226	25.07656968622005	24.16594556485898	25.52624142347822	0.002269447470523577
47.0	25.17629769355133	25.131632138414634	24.225801877534323	25.463840931421927	0.0024273590777891467
48.0	25.271911010813024	25.066571392366065	24.17881713664853	25.480655430992798	0.0020450291795804784
49.0	25.23928724044306	25.063078497930967	24.1869648279058	25.50799066986765	0.0026787638525199798
50.0	25.198053932761145	25.11824096151156	24.246088737992018	25.433863470679196	0.003752897056078894
51.0	25.279383946240902	25.037905776231167	24.205928754380228	25.47426487240962	0.002516650738082748
52.0	25.245531764693425	25.05028897207228	24.21324382406696	25.48892466440067	0.0020107747666628538
53.0	25.21752579657236	25.09861156196832	24.277541995315033	25.403870522671916	0.002450123472366544
54.0	25.285174300646506	25.035554812329885	24.23201820200152	25.44488200614559	0.0023706788764971476
55.0	25.26279139549236	25.041613234219085	24.230106023166947	25.462434376403888	0.003054970717718965
56.0	25.228318871500875	25.090191417907327	24.285357788464594	25.392016650832378	0.004115271294829024
57.0	25.299565861585315	25.027869489663495	24.23204860686497	25.436861555151896	0.0036544867343205763
58.0	25.28026750113026	25.015402984551294	24.24831319137658	25.44983407402512	0.006182248916742156
59.0	25.238747725782428	25.079091636465517	24.291827770506202	25.385974576890252	0.004358290355598679
60.0	25.311006407946273	24.999845839389913	24.250675765988618	25.430532983828137	0.00793900284706178
61.0	25.30711125911445	24.99435041043335	24.259790425822793	25.43136409115822	0.007383813471184859
62.0	25.28722488087626	25.027741822919893	24.318538697167845	25.360790883681595	0.005703715354414627
63.0	25.34593058251444	24.982080044883556	24.26279248752678	25.40473281064089	0.004464074434331665
64.0	25.32153643841113	24.956380996819206	24.283287587504194	25.435177385450462	0.0036175918150067334
65.0	25.292388045558567	25.007011730141283	24.33610441951368	25.358393883095882	0.006101921690586669
66.0	25.352695355242943	24.961193859017577	24.28981234879375	25.38822984135426	0.008068595591469371
67.0	25.339039683038422	24.9530655663196	24.288723631846807	25.41274942830191	0.0064216904932589015
68.0	25.303650531510602	24.992554586276526	24.358468517755977	25.339109539372593	0.006216825084301385
69.0	25.385839317276705	24.92539050790168	24.30925988460708	25.373909923425437	0.00560036678909628
70.0	25.364153533362003	24.925329556769878	24.314570768351995	25.391365340435907	0.004580801080217813
71.0	25.35362120859282	24.957973352211173	24.3784997909618	25.30845455390216	0.0014510943320416622
72.0	25.42619962336512	24.87481373042463	24.324981203730918	25.371428681999376	0.0025767604799546953
73.0	25.41372791143942	24.862192832113564	24.342885400565923	25.379165113842213	0.0020287420388808036
74.0	25.383026735569842	24.890273744123295	24.42536621644941	25.29944303373688	0.0018902701205679442
75.0	25.459265666821874	24.84127418811223	24.341912433708604	25.356697068526724	8.506428305719829E-4
76.0	25.44537934688376	24.805532891360834	24.375867659034107	25.3723176819329	9.024207884019117E-4
77.0	25.418155450481784	24.851407064496065	24.438832872381063	25.29033409102753	0.0012705216135628797
78.0	25.51259364237325	24.77932642743069	24.37307042305899	25.333596650498908	0.001412856638157881
79.0	25.49211017073269	24.769096695282506	24.411411504726583	25.326811168759793	5.704604984251146E-4
80.0	25.48180842827658	24.789019503993163	24.47059366423762	25.258425516539607	1.5288695302902592E-4
81.0	25.559893734481953	24.723019068085726	24.417359978395172	25.29865770518171	0.0010695138554389068
82.0	25.55918267021074	24.687952871535245	24.408887893186883	25.343545566699067	4.309983680677792E-4
83.0	25.505846684823197	24.745701119231146	24.484002790747414	25.26107416178401	0.0033752434142328117
84.0	25.601328713880754	24.685317266377503	24.396616580604167	25.31644406386193	2.933752756433288E-4
85.0	25.579711547167122	24.665887932091678	24.3903700954181	25.361636654540636	0.002393770782460533
86.0	25.54579627296591	24.681997882084715	24.441573996622783	25.32912630324421	0.0015055450823810725
87.0	25.6203996312182	24.613305717933805	24.35900296094223	25.40601299902236	0.0012786908834074304
88.0	25.585700189859743	24.602732564336392	24.38388300108131	25.425163484804102	0.0025207599184546067
89.0	25.520350472052094	24.662891991373897	24.474687808885694	25.33972722014023	0.002342507548088902
90.0	25.528745900851224	24.614197634603634	24.419962831232883	25.435178857614893	0.0019147756973632605
91.0	25.449651560631892	24.57516197522737	24.428167696204934	25.54657580479292	4.429631428825605E-4
92.0	25.501042755384606	24.561571279336096	24.61340460078872	25.32331919057426	6.621739163148736E-4
93.0	25.473042672760617	24.570919985913655	24.52750406958187	25.42519073738312	0.003342534360741338
94.0	25.389465209376468	24.812759781096798	24.47096262744339	25.31970449750033	0.007107884583012525
95.0	24.94454430390349	24.97212863731425	24.78105352231064	25.288101397678393	0.01417213879323008
96.0	25.40563383183954	24.880268852254897	24.332646025811954	25.37478610238763	0.0066651877059785225
97.0	25.36291827060106	24.78800306893391	24.750579886790202	25.094828325904817	0.0036704477700117647
98.0	25.226720505394695	24.661828465186385	24.93423394633209	25.174232638819284	0.00298444426754767
99.0	25.21974777430914	24.33539043645711	24.540909492216333	25.90208395201533	0.0018683450020875714
100.0	24.32680547108632	24.34065342185137	25.041008124604357	26.199167095396707	0.09236588706123791
